---
gke_project: !vault |
          $ANSIBLE_VAULT;1.1;AES256
          35646263623539306230373534303865306130356631616233333437353361626463316538303836
          6565373238663266633230633436313832353661306331310a643761663466643633623237313465
          31313536356264303365613931333035623135623061323435623462326436343930376437653661
          3936376437356430320a623138623832313039373336356537666463653238363961333735326462
          30613538323430663133383132626130306363333736616137306235313930393331
gke_sa: !vault |
          $ANSIBLE_VAULT;1.1;AES256
          33656131303262373235356438396136316431666134613563336462303237373735663731343836
          3635623331626139653462316466393263373134626234390a336237616539613662326161333766
          65633239666430326530646165383862383237613637343938343963356263356134656463626238
          3033653938326161630a393036353336316234623730313135356563393833653130336535363133
          6235
gke_zone: !vault |
          $ANSIBLE_VAULT;1.1;AES256
          32313862393932303532316532383939643430336530323661336563326266366630623566643631
          6330373938663435613031353234393761663762393434330a346630353332613362643336363330
          30353730633232353337313734643366383030313130666630333636386266626565353961306661
          3732333535623361390a383364613765616436306661343663373566313465656332396137393538
          3430
gke_cred: !vault |
          $ANSIBLE_VAULT;1.1;AES256
          34333133316466633730346531313862313032336261363837383935363564353830333537393164
          6666343633653630356138666539326365323166626636380a386136653432333630373338643634
          61333436383937626433646561313433623933643230366235393831613032653435653661646362
          6566386539643932300a613435326439303635663231333533663333626134663761633530396466
          66323331633137663064313134623732386465646232663931333963613338623336373765366336
          31343638666230643130623861363338393966383663383866373433333934333034643934336135
          32333335383833623966343431663239613132613661636334626235373032336238393838613561
          38656636643165343063386535346331656664343631656633386563646663306436333633313331
          65313530646439363339353130393661616362396566623737323430656363373233376531616438
          62343339343965373539383362363535633662316536383635623234396431646665346534653664
          61633636386334313239316535376332373563343063643962326365393331356639396137366437
          61646565346335346563396231656136343038303932303464303934353534326461393463333333
          61393261623663613162353433636564336366613366623038643366346633323836653866653962
          35396163636263336439386535306337623033346337373338653238303030343862313539633037
          35396665316337633465633264643139323861386263353834636338376638376566346139373732
          33643865376663386366616536643664656338326531326461303962643234316463306562633166
          37653766626430323162326335356664646333643565633532623039613533373334613835306138
          63653564633638356639313632653235633530616661613436653165636435333338346534383632
          31623437663566323163646236383035343738626565313239656664393565303333633836653361
          31626161653436313562336165306537333866613731623361376234346431303864363939333234
          39626363383532653134376266623935383933626636383737646538343536396235303065376132
          34363237383364326265373237303136326537663766356437393061626465323735396238663465
          37626364303139633433613134656537336431666132323938333637336563633665376534613635
          36333239343261316635356333613533656638636361383634353962626462343665396330643738
          35373961623736306539373632633034663432663536343933346539373665323063663435346163
          36313562383537343432643164383637383061306139396537386438306335646264353632636361
          34356361633663346566333437323935373837653561376639313235633161643064623066623464
          34643163336235626232366263303431613836306664666534393132333038626134626331633235
          39333236363361316466336134376462663463633736633236383037333230393133386436633162
          66333963313062313537666630306335383934316234373239343366333134363932663237663238
          30353230323239373839663366616265366331626364323636646262613039303437653438373338
          66663966306563353965336634356530396339613936333734396638346566633034303031643338
          35383436316535643266666663313837306238323437643162376662333936653135376463643339
          34336666376365363238343433376630636239343763663261613335346534313963643436313163
          34613330326438653235633034376234333639646234363536613333636433333535643461373831
          36646462623136396562303339323736623563396664303634326634663632376133616137373531
          34353766386266646334313430613061636239323036306261326336636337366433363630363830
          34623664323339316433633666653439333161633766653364303837353035353532663765363364
          63333965353131343339336435333662343232653563313462663164353932363138646165393866
          66323862303535383633663063656239353931616134316336303533356131623539386661663765
          39333737356534386233363236396632616265363262666230383163386335396232613934643863
          33653038653637373535303335356164333939396430303961343837363062343562376235666134
          39326139323861393334336634323162643862346165666339373066653836633864646332626436
          39396232383836363133363663343137643039646436356131383834626231393832396631633137
          66643433636464663330646233303637653265303433326234323362366237303561333933653561
          65376532303461373932653333633664623866383733366632613664306435643065303966613832
          35333135396138383931633130623166363463663666343431326335346531393734666438376561
          32616666366433343133646531323938643361613861643861393730393337313735363362383939
          65383466383936613061663132633735313933653262323666393561363436396461653932363138
          66323437393335646133653935363031613662313562653937383963303566373135303166666636
          65623934336366336232343338386134383435316663623935373133376539346339356363623337
          33646532303635333933656331303935306365396537613637333339663732616461366239373865
          62633166613337333861616261653361613461396535346237393438663063323234343431343136
          34643336326136326231383764633163653661653838653166303534666330666235356539653936
          32346536666461333433313761383330383265316464353463353562373439653530326361623036
          32663032623465306133633139663965343632613632383838643531626630386431373936383634
          39626632363537356633316531313562343030373630306265343730326238363730343636313635
          32346363353835653834353934396431366538633935646630363566386130353133643365343732
          36376333326664646366363664653636383331643362623838623531376438623434336563383435
          38643338376537303332306334323063356564353232336132303435303533323933643463303332
          37303739633964336432346466313136313162363438313230353632316630343434343339653130
          34303062316235376630666538323632326635333731666439393834646564383966303135326464
          30323839633936316433633262386264306538376334376330356162393635633733623431386662
          32336434626165333066343139396430366530366430643337386462396139656236613263666234
          35663330336334326330323439333930633832343636356532356436366434633565373438336239
          31393732613433316664313538346664626464616537336237623735316361616135303366656264
          62373732353137313034666136303937303663333832626437633130666434646230353166376364
          65376539663738366135323330343931333965653337666638393363326335336231646439356631
          34326434396561363962326462363665663563343463346131353638333636323738343534343035
          30393837616639396562383633316533323636633330323261313461363934366563623731363634
          33373632353438356431616534663634313634366538653161633462373765643739343831323434
          66633561356662316663316132653738626131393339613937343536666636326536383839663034
          61303933646236623233323932643436376136313735323438633663393236353061623330666135
          37373336333139363135366430303066373033316163613961373237383138656563356232393166
          32363361363636623837393163386466346336386231363537363239346233346137376436303139
          39323936346462316538376639616232366261393264653937376237666465373438633534396432
          61353066333736383239393566643030663734373836353634396430353966336230333065376163
          65373863303430373633333631643834396231346661326633636135373139616132666535663762
          30623731623630323461363635323830656330343939326261636164383961383665353332613461
          34646561376138613236336266353834663835663836323233383066343134616636653136666266
          37363665623833346239303931623431303134646633663432666237393337313139653965623061
          36313661656639363035326463623532616261613266326336663465363332663430303938653134
          31313162323464303564663661643565333632613861373934363462396463363962363433643235
          37303137663836376332383734393064303935386362636437653161633136373133343833326336
          66323531303430313038313833363432393661333966353236323436303163363235333462636334
          65303134303931363563303331386533633539633833656162333762323434356363363964343434
          38373632363234306465393562643437373038326661613933323664323839363231393732643239
          33303662653061393061656364323834363066343736643333396134303938313738383766323232
          36653763303335666634393863393765336537626362643661643639323834616330393833313961
          31613835333431336666393738663037356261356166316134653262336132376233646132363165
          61666162376462616135663238396461373866386234353931656636396331656465363765666333
          32316239386635623531376262313265636231666563373532393337653065313137666563366137
          61396339393431656564386233306565363564343263386662366164613362303565396133643230
          31373431613032343362666636633264636335346463306139373664643334346637323036383736
          39363362616230333930613965633633396330636266383063656464666262616337313034373863
          65663032656132393430376339633962356134316632613636343561656339643661303537383563
          34626130376561396662643634366464643435643663306333623164666536333366636135313235
          37613564653938386139636461383132636566646664623565303937643165303863326161623132
          35613037353833356330626663396538303765656664373432353330393230333932666431633435
          64646237373433633833366133633639313634643434663764613761626161656563383765313338
          35613736393536373635633762646338633332623335653639653739666635393635393561383863
          39303635646434316435313738623332333366616632633733303432323066363737656431313936
          32653430646566626630626139653532613234313934363731633839306564626364666435623665
          36613235386366333735373133376630316664636433613964383933623332636164333264326436
          32663234613866643561353936306566316430666464653435386161626332316465306436383236
          33333631656635633064353134633138313565666333616334343664343861616264623934336339
          36653630353236643064363233336163353261363665623230323165386530636434336437643063
          32636232366465316235336165353961646362393038393433306335626632336463363536323839
          35326236656135613539303861323738653965376633373462373134356535656461333330656333
          33306639376531393539303334663766353764633066343564623732646165343666613764393563
          62653163616531356233326435326634663732656432313830626138636162346562623864666536
          38356562333261363630356332633733363134386635343131373066353966306666653364373235
          64393137343333323334396661643332646362666661363237323361303039373239326438373261
          31646634626433656131383638616138393231323364636433363964306665633162393737336436
          32386630643135306230326334353139323665633963653664336235386438633235336537323934
          65353634336565613263393233333866616563613466653363303236303364666363306366663165
          65616461323431393834356362653933343031383661373731326163363837363230333836616564
          31666163303930616361316264613064666636633635393530613835633231626164616166303763
          32343336646632666562313064306338323934643936643333393964636530346363376265383832
          66316561633061303731353164303636343132623838613135326166643036303663306232373065
          34333566653738626361623433376433303937643065396334383662386330636564306262303039
          35653466313164336266366166613436386338633035633463373566306638326335393937366534
          62353364376238316262636166646335383331326232313933376637306634396561333836323661
          38353439333562303261