---
gke_project: !vault |
          $ANSIBLE_VAULT;1.1;AES256
          35646263623539306230373534303865306130356631616233333437353361626463316538303836
          6565373238663266633230633436313832353661306331310a643761663466643633623237313465
          31313536356264303365613931333035623135623061323435623462326436343930376437653661
          3936376437356430320a623138623832313039373336356537666463653238363961333735326462
          30613538323430663133383132626130306363333736616137306235313930393331
gke_cluster: !vault |
          $ANSIBLE_VAULT;1.1;AES256
          33656131303262373235356438396136316431666134613563336462303237373735663731343836
          3635623331626139653462316466393263373134626234390a336237616539613662326161333766
          65633239666430326530646165383862383237613637343938343963356263356134656463626238
          3033653938326161630a393036353336316234623730313135356563393833653130336535363133
          6235
gke_zone: !vault |
          $ANSIBLE_VAULT;1.1;AES256
          32313862393932303532316532383939643430336530323661336563326266366630623566643631
          6330373938663435613031353234393761663762393434330a346630353332613362643336363330
          30353730633232353337313734643366383030313130666630333636386266626565353961306661
          3732333535623361390a383364613765616436306661343663373566313465656332396137393538
          3430
gke_cred: !vault |
          $ANSIBLE_VAULT;1.1;AES256
          36623163326338323431666638316638613832613932643332336339393931323039346334313733
          3831646339656530396532363866323138343136313339320a303032396561326631353762316233
          64333237366334356435336431333139363066336633373930323335376262623863366261373961
          3433376531303265330a353165343564373338653132363137373231356161323134346334616637
          38363436393231343362323834643964303531353734656331373633653839323233363332373932
          30323461313436663766303736316365643731333333373562393538626636616263346635643833
          39366664623231316464346266313465346630353035313062366166386366383364353438383838
          33333038306539613837616666623234383462396265313836656531386564393337386439623336
          39323634303564643930363036666664363864366333306363326336333366333639396639313734
          64653264663738393463316265306530643433633633626636646337333031653733353661613432
          35653936626632636161333333656662303239316132643433623231386662396130666339656362
          61373261313330333562346133633035376337396330373064313330383730623739653535336264
          38613832303536613466393762363063353964613731346465633436373663303733306237623032
          34316231636334323331386363323262613538306564373265383233613434386561336331326631
          38393662633064636438653963353438313437316134643539393732313539313338336363656236
          32323032633263646139393035303237663765613238643839373132313930343162313636653036
          36373431386530363164376266636164633864333663653733326639326130323635623766613535
          65393438623839656333323261626533656138643638373339613563353930313432623737636264
          63653131333561376331636336656261363037323735323435336239653337353734396665356566
          33356462313634333763396137323565393366353738636666396439646163666532323433333164
          33613736303462303961356436383133343332646663353463336332366530656232346437656432
          32646339623933323632663365653630303636393333363434636333623432363934386532386562
          36386537633062393363613531636437306665653633316463663964316564636263663433633734
          31363861643433336132346339623161366230653333636538363132393365353762303862616639
          33643737386565663464656364353862363064363830633332613365313161353734653737643665
          32383466643962313235376365353462633432393539333530386566346666633936346630363239
          31636538346139653630616163323761303961363834333739386535623764336535623266653738
          62656135636266363737383635343137363533643534333633316134303234366430623463323866
          61343638353161343561323464666532386236666334386165666531303339316462333366646438
          31636139313338313364396636346334346237376435303063313666356231633662393363333636
          33633937376234326234636437633334626235636635623166666436316666376233333835313339
          64383162653639363638636137633431663630383136626631613434643530643862373261353835
          65623065643763663435316262343935633731646166346238613165643235323231323032353332
          31386138623864346161346639346238373033333466356238323363313131633836366466376533
          65326564636463636136303031323564306134356664393766333931636234353763373834663564
          33303636396339313335313536316637643037323565313735386230313163346431616239353230
          39343432613131623539363266323533323763613735343239613066363438306364363161646663
          34636664346531356431353030643161346136363233666332643438336165646132653135306331
          33396639333664666630643632396639343130643165333735386462656364316565623466383036
          37333431363161623162346337316262373566383035666634303630383161303238383061313734
          35616439386637366233333465646238386361346661346665373561376364323338383331366266
          33663236646435633365373464653834313161636534303865626263313034663361363664653136
          38393731653036373964666266373262333338353739616239656133303564306338336135353761
          36653164373732303639633663386331353938386138383161646234363238393437613765666162
          62666533326664353965633163386465313633623962623666343966333364353732363562326536
          39643463343437333836326431366132373364333164663932356564343265303162633432653132
          63646533633730663536376361643166613734666231663638636239666363376261623730643161
          66343632373165376261313536636163623130373532646135616137326438633436643262653363
          39613033346536633236396263363434323863306665356238313139333261653566643138616363
          32646230663263363535633663393331663662313766383834653266646334613630646132313633
          65363261373465366265363631323035393161623134376562613233393761323361346163613061
          63626362613437396662633764376638666230303934646432323230653938366232393662376136
          62643936356532313936373230303662633737646161633765626530363233343138616134386536
          61313563343261383634373564333762613835396435313339623937383734653034613361316136
          36303234326334323236326334653565353631383636646439643731643664633738653133313037
          64616362333837346266633864633962643336633361356531323036306562303865386666623962
          34663435663566346637393961386264623836393765333332643261616136323436396139316130
          31336362393634396661663364663830666262666339303639386661383334363264366530396465
          66393434633337323538306531323631646234373036366438336635326234666134346164643761
          64636563336262666431303832643930313262663839356461323037353432613135613964616335
          36613565666561326361336631666638626236653932613764323136373736316139376538383238
          65363035353730383536356363393664323362383562653865343262643263373663343862343833
          63336365643634346136636136366334353931633864373563643233393564376464656161663663
          38623534643835376666363638633865336464333165646563383566626235303933333135633734
          31666334323635313833383830333533653332326237363363613433626262613763313534356539
          65333634393538333531366232623138666331373466373436393738313465366633346137326464
          30613164643333616431303730356362336431653532663537303532363162626461306165323434
          64633661633130376430663266376434396431386130346438653530313636646162656130656161
          64363131353838663864363336346663316165303562343630636262393064633830333736323433
          32383030316430393239313938643362393163613237626630616263383339643661663163633264
          65303230343165666233356561303532343163633535323632383938383061343335373538643931
          31323136323664386436646137303231333066353638383066323239616335666465643136666335
          66656531666435313632396166393265373063316434376662613832383738633963666336343733
          36323730646432633462653733663662373936626536303037346232323438366534616234616661
          63373766363231373061666162663530663965353134386139333164613563383131393061393532
          30326134623238666532643062653139313566656264336162336366343635323738616261643631
          63623734666261356334333530636434343362656266336163653139323236643633653937363436
          39353833373465633738636365323737633231386333623930303036363162306138313333633938
          33366431613061303633373565393832313437623934626434336437313132623964663537306234
          34366134633232353162366464343964353630653534323836376131636630653361656661333733
          37623362323131396234376262356662303034316637663637366136636565343566303534363235
          30376530326634353031343738323664396236353431363364386439613762613534336364383566
          30343132613166313538616235636236646634656466396361623364373037383537333838356234
          65383163386536653136656565373566363634613330626566613633386130613766366237396237
          31636538353339353762363464326462373662303362353766353135343838623531323637323661
          35623530656338616634613162653465613566323664313633643031633034383262363766313635
          64623563653635303762663466326462613433636536333138623831663161633933383635366331
          35363165306661646165636563333031393732333261643362363464663961643234663665616133
          65623565396136613637373461353232386335396464646232336136383635663132616264643431
          30373832666633643830303435616139613132633634623534363465636431326233383634346261
          35383864363838393965363434373334653930616565353038383139316431663131623434646137
          37343464386565306539326130616339653831383666373061373933336166343661643061613231
          61373132366131303331613462363836656561646630303432613039306539386661343230306262
          66306535636538653431626235636438663564326538383431393135626634666161653264636331
          37373439636162326462363634616566363464336334396430393638326235653162656563643031
          65313862336433366431663434656630323266383031636639663539323037373237376561616134
          63346366656538646563613665303866386132633139376364393631616430313137323937306137
          61313866366338353265613534393336373766373162653532626264376133333932656264316335
          65653566363564623430306461383461353962376362333239343961666236323031396334663836
          36646461386166623631643531366536653265663363656339613136326537393134333663636539
          64616461316266393537633938343833326465353636396531626261303034663239633866313934
          34343833333030653662333331376637356333633162393130393039333938383139633938653630
          33383565363463656331373466306463363663393334323965343131626162636536343133653066
          39363863663831303265316333623566616239636163323130363834626230383536386639323864
          31616630636130306263356165646263393831343037356633333737336539363337356635363033
          37613238643330396664353039323736376335333438323066343032613061306636613935323766
          63646531633739643537613931376233383065316433336339386262383337623163643265616230
          35663862623731633162383334653862663238656666656530643232663838313465613164333663
          35323236343031356437333036343764393830386634636437363262366434356363313731666161
          38323632343764623133643037323361633763373836383563636632316164663061656238633061
          34316435303438313031386366336637383037326630366561663638333937636165626262313437
          31333434643637343963316363653138653665326538623665623661373164653061633032623564
          65313266323838386334303737303332613866353563323130636363636235323065626564386666
          36646666383361383637386665306562373038373865633463636136363732656262643431333339
          30666461393030353231613937643035306136343062386636313064323430376432303137663136
          39383866333736386335343033356566313031386362666635653363616266653463626233343736
          34356162393430663038363965623761346465613539396664386564663566656564636531653533
          33303361376566373830313839633034386435383531366636313039323265373634616131623366
          37363563316431343335653239366434323035346330333565323332303433353361313437633766
          39623165653865653263366233343461626262323764356338323761346436666463343834313336
          38646461613834643534316564383835626162646538336334636534313731663262316137653437
          30306261323535633264656236353030623038383464396131313134306262303465636262666166
          61363235623233373631636339376663643931313566623838623637643739613638643731313736
          35376631323562303638
